null,Homo sapiens,Felis catus,Camelus dromedarius,Canis lupus familiaris,Rattus norvegicus,Mus musculus
Homo sapiens,100.00,98.67,98.53,98.27,96.40,94.93
Felis catus,98.67,100.00,99.07,99.33,96.27,94.80
Camelus dromedarius,98.53,99.07,100.00,98.67,95.87,94.13
Canis lupus familiaris,98.27,99.33,98.67,100.00,96.00,94.27
Rattus norvegicus,96.40,96.27,95.87,96.00,100.00,98.00
Mus musculus,94.93,94.80,94.13,94.27,98.00,100.00